id  precio prop aniejo nota
1      70   20   5.0    3
2      60   20   5.0    2
3      65   20   7.5    2
4      74   25  12.0    2
5      70   25  12.0    3
6      73   30   5.0    0
7      70   30   8.0    0
8      55   30   5.0    2
9      77   30   5.5    0
10     93   30  12.0    0
11     82   30  12.0    2
12     73   33   6.5    1
13     62   33   8.0    3
14     87   33  12.0    3
15     78   35  10.0    2
16     73   40  10.5    4
17     87   40   8.5    2
18     80   40   8.5    2
19     85   40   9.5    2
20     87   40   8.5    4
21     80   40   9.5    2
22     83   40   9.5    1
23     90   40  12.5    2
24    110   40  12.0    3
25     87   40   5.5    2
26    113   45  12.0    4
27     96   45  12.0    3
28     82   45  12.0    3
29    127  100   8.5    4
30    160  100  12.0    3
31     90  100  12.0    4
32     86  100  12.0    2
33    100  100  10.0    3
34    100  100  11.0    3
35     95  100  12.0    0
